model19 1 0.825 0.175 0.212121 1 0 0 0 0.59596 0.725 1 0.59596 0.25 0 0.40404 0.75 1
model19 3 0.444444 0.233333 0.525 1 0 0 0 0.5 0.355556 1 0 0.355556 0 1 0.644444 1
model19 7 0.689655 0.362069 0.525 -1
model19 6 0.625 0.65625 1.05 -1
model19 2 0.678161 0.241379 0.355932 1 0 0 0 1 0.678161 1 0.474576 0.678161 0 0.525424 0.321839 1
model19 5 0.903226 0.677419 0.75 -1
model19 4 1 0.355932 0.355932 1 0 0 0 0.711864 0.508475 1 0 0.508475 0 1 0.491525 1
model19 9 0.491525 0.355932 0.724138 -1
model19 8 0.714286 0.5 0.7 -1
model20 1 0.394495 0.192661 0.488372 1 0 0 0 0.883721 0.495413 1 0 0.495413 0 1 0.504587 1
model20 3 0.781818 0.381818 0.488372 1 0 0 0 1 0.472727 1 0.0465116 0.472727 0 0.953488 0.527273 1
model20 7 0.707317 0.512195 0.724138 -1
model20 6 0.604651 0.488372 0.807692 -1
model20 2 0.703704 0.388889 0.552632 1 0.0789474 0 0 0.921053 0.518519 1 0 0.518519 0 1 0.481481 1
model20 5 0.684211 0.552632 0.807692 1 0 0 0 1 0.884615 1 0 0.884615 0 0.552632 0.115385 1
model20 11 1 0.142857 0.142857 -1
model20 10 0.605263 0.552632 0.913043 -1
model20 4 0.8 0.6 0.75 -1
model21 1 0.926471 0.102941 0.111111 1 0.306878 0 0 0.693122 0.647059 1 0 0.647059 0 0.703704 0.352941 1
model21 3 0.541353 0.157895 0.291667 1 0 0 0 1 0.444444 1 0 0.444444 0 0.781955 0.555556 1
model21 7 0.384615 0.201923 0.525 -1
model21 6 0.240602 0.157895 0.65625 -1
model21 2 0.992424 0.159091 0.160305 1 0 0 0 1 0.742424 1 0 0.742424 0 0.572519 0.257576 1
model21 5 0.453333 0.28 0.617647 -1
model21 4 0.748092 0.160305 0.214286 1 0.206107 0 0 0.793893 0.653061 1 0 0.653061 0 1 0.346939 1
model21 9 0.259542 0.160305 0.617647 -1
model21 8 0.615385 0.201923 0.328125 -1
model22 1 0.626667 0.0933333 0.148936 1 0 0.617021 0 0.275556 0.312057 1 0.275556 0 0 0.724444 1 1
model22 3 0.865031 0.128834 0.148936 1 0 0.148936 0 0.435583 0.780142 1 0.435583 0 0 0.564417 1 1
model22 7 0.652482 0.148936 0.228261 1 0 0 0 0.891304 0.51773 1 0 0.51773 0 1 0.48227 1
model22 15 0.73913 0.228261 0.308824 1 0 0 0 1 0.397059 1 0.130435 0.397059 0 0.869565 0.602941 1
model22 31 0.5125 0.2625 0.512195 -1
model22 30 0.293478 0.228261 0.777778 -1
model22 14 0.890244 0.256098 0.287671 1 0 0 0 1 0.60274 1 0 0.60274 0 0.47561 0.39726 1
model22 29 0.74359 0.538462 0.724138 -1
model22 28 0.536585 0.256098 0.477273 -1
model22 6 0.645455 0.190909 0.295775 1 0 0 0 1 0.718182 1 0 0.718182 0 0.760563 0.281818 1
model22 13 0.574074 0.388889 0.677419 -1
model22 12 0.898734 0.265823 0.295775 -1
model22 2 0.709677 0.33871 0.477273 -1
model23 1 0.693617 0.0893617 0.128834 1 0.0613497 0 0 0.539877 0.591489 1 0 0.591489 0 1 0.408511 1
model23 3 0.588957 0.128834 0.21875 1 0 0.0625 0 0.245399 0.927083 1 0.245399 0 0 0.754601 1 1
model23 7 0.780488 0.170732 0.21875 -1
model23 6 0.449438 0.235955 0.525 -1
model23 2 0.633094 0.151079 0.238636 1 0 0 0 0.681818 0.431655 1 0 0.431655 0 1 0.568345 1
model23 5 0.897727 0.238636 0.265823 1 0 0 0 1 0.392405 1 0.352273 0.392405 0 0.647727 0.607595 1
model23 11 0.842105 0.368421 0.4375 -1
model23 10 0.352273 0.238636 0.677419 -1
model23 4 1 0.35 0.35 -1
model25 1 0.908676 0.0958904 0.105528 1 0 0 0 0.407035 1 1 0.407035 0.127854 0 0.592965 0.621005 1
model25 3 0.867647 0.154412 0.177966 1 0 0 0 1 0.367647 1 0 0.367647 0 0.661017 0.632353 1
model25 7 0.906977 0.244186 0.269231 -1
model25 6 0.423729 0.177966 0.42 1 0.483051 0 0 0.516949 0.52 1 0 0.52 0 1 0.48 1
model25 13 0.20339 0.177966 0.875 -1
model25 12 0.42623 0.344262 0.807692 -1
model25 2 0.369863 0.0958904 0.259259 1 0 0 0 1 0.484018 1 0.185185 0.484018 0 0.814815 0.515982 1
model25 5 0.584071 0.185841 0.318182 1 0.545455 0 0 0.454545 0.221239 1 0 0.221239 0 1 0.778761 1
model25 11 0.75 0.238636 0.318182 -1
model25 10 0.833333 0.7 0.84 -1
model25 4 0.764151 0.198113 0.259259 1 0 0 0 0.938272 0.509434 1 0 0.509434 0 1 0.490566 1
model25 9 0.641975 0.259259 0.403846 -1
model25 8 0.710526 0.276316 0.388889 -1
model26 1 0.790816 0.107143 0.135484 1 0 0.290816 0 0.625806 0.709184 1 0.625806 0 0 0.374194 0.714286 1
model26 3 0.414286 0.15 0.362069 1 0 0 0 1 0.692857 1 0 0.692857 0 0.396552 0.307143 1
model26 7 0.534884 0.488372 0.913043 -1
model26 6 0.597938 0.216495 0.362069 1 0 0 0 0.87931 1 1 0.87931 0.278351 0 0.12069 0.587629 1
model26 13 0.122807 0.368421 3 -1
model26 12 0.525773 0.216495 0.411765 -1
model26 2 0.697842 0.151079 0.216495 1 0.453608 0 0 0.546392 0.316547 1 0 0.316547 0 1 0.683453 1
model26 5 0.979381 0.216495 0.221053 1 0 0 0 1 0.410526 1 0 0.410526 0 0.670103 0.589474 1
model26 11 0.861538 0.323077 0.375 -1
model26 10 0.402062 0.216495 0.538462 -1
model26 4 0.830189 0.396226 0.477273 -1
model27 1 0.75 0.25 0.333333 1 0 0 0 1 1 0.833333 0.125 0 0.833333 0.875 1 0.166667
model27 3 0.285714 0.142857 0.5 1 0 0 0 0.428571 1 1 0.571429 0 0 0.428571 1 1
model27 7 0.666667 0.333333 0.5 1 0 0 0 1 1 0.5 0.166667 0 0.5 0.833333 1 0.5
model27 15 0.8 0.2 0.25 -1
model27 14 0.666667 0.166667 0.25 -1
model27 6 0.666667 0.333333 0.5 1 0 0 0 1 1 0.5 0.166667 0 0.5 0.5 1 0.5
model27 13 0.75 0.25 0.333333 1 0 0 0 1 1 0.4 0.133333 0 0.4 0.6 1 0.6
model27 27 0.45 0.15 0.333333 -1
model27 26 0.75 0.1 0.133333 -1
model27 12 0.666667 0.166667 0.25 1 0 0 0 1 1 0.4 0.0666667 0 0.4 0.8 1 0.6
model27 25 0.833333 0.125 0.15 -1
model27 24 0.666667 0.0666667 0.1 -1
model27 2 0.625 0.25 0.4 1 0 0 0 1 1 0.88 0.05 0 0.88 0.95 1 0.12
model27 5 0.263158 0.0789474 0.3 -1
model27 4 0.55 0.25 0.454545 -1
model28 1 1 0.25 0.25 1 0 0 0.2375 0.5 1 0.5125 0.5 0 0 0.5 1 1
model28 3 0.5 0.25 0.5 1 0 0 0 0.85 1 1 0.85 0 0.1125 0.15 1 0.1375
model28 7 0.3 0.55 1.83333 1 0 0 0 0.5 1 1 0.5 0 0.181818 0.5 1 0.545455
model28 15 0.15 0.3 2 -1
model28 14 0.15 0.55 3.66667 -1
model28 6 0.425 0.25 0.588235 1 0 0 0 1 1 0.8625 0.176471 0 0.8625 0.558824 1 0.1375
model28 13 0.95 0.55 0.578947 1 0 0 0 1 1 0.545455 0.210526 0 0.545455 0.473684 1 0.454545
model28 27 0.45 0.25 0.555556 1 0 0 0 1 1 0.6 0.222222 0 0.6 0.444444 1 0.4
model28 55 0.2 0.1 0.5 -1
model28 54 0.45 0.15 0.333333 -1
model28 26 0.95 0.3 0.315789 1 0 0 0 1 1 0.5 0.105263 0 0.5 0.736842 1 0.5
model28 53 0.7 0.15 0.214286 -1
model28 52 0.95 0.15 0.157895 -1
model28 12 0.492754 0.289855 0.588235 1 0.411765 0 0 0.441176 1 0.0869565 0 0 0.0869565 1 1 0.913043
model28 25 0.539683 0.31746 0.588235 1 0 0 0.15873 0.117647 1 0.793651 0.117647 0 0 0.882353 1 1
model28 51 0.47619 0.31746 0.666667 1 0 0 0.0793651 0.166667 1 0.920635 0.166667 0 0 0.833333 1 1
model28 103 0.396825 0.31746 0.8 1 0 0 0 1 1 0.269841 0 0 0.269841 1 1 0.730159
model28 207 0.543478 0.434783 0.8 1 0 0 0 0.88 1 1 0.88 0 0.73913 0.12 1 0.130435
model28 415 0.15 0.3 2 -1
model28 414 0.478261 0.434783 0.909091 1 0 0 0 0.272727 1 1 0.272727 0 0 0.727273 1 1
model28 829 0.434783 0.347826 0.8 1 0 0 0 1 1 0.347826 0 0 0.391304 1 1 0.608696
model28 1659 0.714286 0.571429 0.8 1 0 0 0 0.5 1 0.285714 0 0 0.285714 1 1 0.714286
model28 3319 1 0.8 0.8 1 0 0 0 0.75 1 1 0.75 0 0.2 0.25 1 0.7
model28 6639 0.2 0.7 3.5 -1
model28 6638 1 0.6 0.6 -1
model28 3318 0.4 0.4 1 1 0 0 0 0.5 1 0.5 0 0 0.5 1 1 0.5
model28 6637 0.4 0.2 0.5 -1
model28 6636 0.2 0.2 1 -1
model28 1658 0.8 0.8 1 1 0 0 0 1 1 0.5 0 0 0.5 0.5 1 0.5
model28 3317 0.4 0.4 1 1 0 0 0 1 1 0.5 0 0 0.5 0.5 1 0.5
model28 6635 0.2 0.2 1 -1
model28 6634 0.4 0.2 0.5 -1
model28 3316 0.8 0.4 0.5 1 0 0 0 1 1 0.5 0 0 0.5 0.75 1 0.5
model28 6633 0.6 0.2 0.333333 -1
model28 6632 0.8 0.2 0.25 -1
model28 828 0.434783 0.130435 0.3 -1
model28 206 0.8 0.68 0.85 -1
model28 102 0.344828 0.0862069 0.25 -1
model28 50 0.4 0.08 0.2 -1
model28 24 0.75 0.3 0.4 1 0.2 0 0 0.533333 1 0.5 0 0 0.5 1 1 0.5
model28 49 0.75 0.15 0.2 -1
model28 48 0.4 0.15 0.375 -1
model28 2 0.97561 0.487805 0.5 -1
model29 1 1 0.298507 0.298507 1 0.179104 0 0 0.477612 1 0.164179 0 0 0.164179 1 1 0.835821
model29 3 0.835821 0.298507 0.357143 1 0 0 0 0.895522 1 1 0.895522 0 0.196429 0.104478 1 0.446429
model29 7 0.8 0.28 0.35 1 0 0 0 0.428571 1 1 0.428571 0 0.08 0.571429 1 0.56
model29 15 0.2 0.7 3.5 -1
model29 14 0.8 0.12 0.15 -1
model29 6 0.933333 0.333333 0.357143 1 0 0 0.107143 0.0666667 1 0.553571 0.0666667 0 0 0.933333 1 1
model29 13 1 0.357143 0.357143 1 0 0 0 0.928571 1 1 0.928571 0 0.142857 0.0714286 1 0.714286
model29 27 0.5 0.1 0.2 -1
model29 26 0.928571 0.357143 0.384615 1 0 0 0 1 0.25 1 0 0.25 0 1 0.75 1
model29 53 0.928571 0.267857 0.288462 1 0 0 0 1 1 0.910714 0.0384615 0 0.910714 0.942308 1 0.0892857
model29 107 0.306122 0.102041 0.333333 -1
model29 106 0.980769 0.288462 0.294118 1 0.0192308 0 0 0.884615 1 0.0980392 0 0 0.0980392 1 1 0.901961
model29 213 0.884615 0.288462 0.326087 -1
model29 212 0.326087 0.108696 0.333333 1 0.0652174 0 0 0.869565 1 0.6 0 0 0.6 1 1 0.4
model29 425 0.326087 0.0434783 0.133333 -1
model29 424 0.375 0.075 0.2 -1
model29 52 0.928571 0.0892857 0.0961538 -1
model29 12 0.645161 0.129032 0.2 -1
model29 2 0.625 0.34375 0.55 1 0.25 0 0 0.46875 1 0.454545 0 0 0.454545 1 1 0.545455
model29 5 0.625 0.1875 0.3 1 0.125 0 0 0.71875 1 0.5 0 0 0.5 1 1 0.5
model29 11 0.625 0.09375 0.15 -1
model29 10 0.869565 0.130435 0.15 -1
model29 4 0.75 0.25 0.333333 1 0.266667 0 0 0.4 1 0.4 0 0 0.4 1 1 0.6
model29 9 0.75 0.15 0.2 -1
model29 8 0.3 0.1 0.333333 -1
model30 1 0.810811 0.27027 0.333333 1 0.351351 0 0 0.283784 1 0.216667 0 0 0.216667 1 1 0.783333
model30 3 0.635135 0.27027 0.425532 1 0 0 0 1 1 0.574468 0.256757 0 0.574468 0.743243 1 0.425532
model30 7 0.363636 0.363636 1 1 0 0 0 0.509091 1 1 0.654545 0 0 0.345455 1 0.7
model30 15 0.95 0.7 0.736842 1 0 0 0 1 1 0.571429 0.578947 0 0.571429 0.421053 1 0.428571
model30 31 0.4 0.3 0.75 1 0 0 0 1 1 0.5 0.5 0 0.5 0.5 1 0.5
model30 63 0.2 0.15 0.75 -1
model30 62 0.4 0.15 0.375 -1
model30 30 0.95 0.4 0.421053 1 0 0 0 1 1 0.625 0.368421 0 0.625 0.631579 1 0.375
model30 61 0.6 0.15 0.25 -1
model30 60 0.95 0.25 0.263158 1 0 0 0 1 1 0.4 0.157895 0 0.4 0.842105 1 0.6
model30 121 0.8 0.15 0.1875 -1
model30 120 0.95 0.1 0.105263 -1
model30 14 0.714286 0.714286 1 -1
model30 6 0.364865 0.27027 0.740741 1 0 0 0 0.648649 1 1 0.648649 0 0 0.351351 1 1
model30 13 0.962963 0.740741 0.769231 1 0 0 0 0.192308 1 0.962963 0.192308 0 0 0.807692 1 1
model30 27 0.777778 0.740741 0.952381 -1
model30 26 0.769231 0.192308 0.25 1 0 0 0 1 1 0.884615 0.4 0 0.884615 0.6 1 0.115385
model30 53 0.15 0.15 1 -1
model30 52 0.869565 0.217391 0.25 -1
model30 12 0.5625 0.416667 0.740741 -1
model30 2 0.952381 0.619048 0.65 -1
model31 1 0.75 0.25 0.333333 1 0 0 0 1 1 0.666667 0.25 0 0.666667 0.65 1 0.333333
model31 3 0.384615 0.384615 1 1 0 0 0 1 1 0.45 0.115385 0 0.45 0.788462 1 0.55
model31 7 0.487805 0.268293 0.55 1 0 0 0 0.317073 1 1 0.682927 0 0 0.317073 1 1
model31 15 0.65 0.55 0.846154 1 0 0 0 1 1 0.454545 0.230769 0 0.454545 0.538462 1 0.545455
model31 31 0.35 0.3 0.857143 1 0 0 0 1 1 0.5 0.142857 0 0.5 0.571429 1 0.5
model31 63 0.2 0.15 0.75 -1
model31 62 0.35 0.15 0.428571 -1
model31 30 0.65 0.25 0.384615 1 0 0 0 1 1 0.6 0.153846 0 0.6 0.692308 1 0.4
model31 61 0.45 0.1 0.222222 -1
model31 60 0.65 0.15 0.230769 -1
model31 14 0.65 0.55 0.846154 1 0 0 0 1 1 0.545455 0.307692 0 0.545455 0.461538 1 0.454545
model31 29 0.3 0.25 0.833333 -1
model31 28 0.65 0.3 0.461538 1 0 0 0 1 1 0.5 0.153846 0 0.5 0.769231 1 0.5
model31 57 0.5 0.15 0.3 -1
model31 56 0.65 0.15 0.230769 -1
model31 6 0.384615 0.173077 0.45 1 0 0 0 0.461538 1 1 0.576923 0 0 0.423077 1 1
model31 13 0.909091 0.409091 0.45 1 0 0 0 1 1 0.444444 0.0909091 0 0.444444 0.818182 1 0.555556
model31 27 0.9 0.25 0.277778 1 0 0 0 1 1 0.4 0.0555556 0 0.4 0.888889 1 0.6
model31 55 0.8 0.15 0.1875 -1
model31 54 0.9 0.1 0.111111 -1
model31 26 0.909091 0.181818 0.2 -1
model31 12 0.833333 0.375 0.45 1 0 0 0 1 1 0.333333 0.0833333 0 0.333333 0.833333 1 0.666667
model31 25 1 0.3 0.3 1 0 0 0 1 1 0.5 0.1 0 0.5 0.85 1 0.5
model31 51 0.85 0.15 0.176471 -1
model31 50 1 0.15 0.15 -1
model31 24 0.833333 0.125 0.15 -1
model31 2 0.5 0.25 0.5 1 0.225 0 0 0.775 1 0.15 0 0 0.15 1 1 0.85
model31 5 0.425 0.25 0.588235 1 0 0 0.147059 0.0625 1 0.852941 0.0625 0 0 0.9375 1 1
model31 11 0.453333 0.266667 0.588235 1 0 0 0.0882353 0.0666667 1 0.911765 0.0666667 0 0 0.933333 1 1
model31 23 0.485714 0.285714 0.588235 1 0 0 0.0294118 0.0714286 1 0.970588 0.0714286 0 0 0.928571 1 1
model31 47 0.523077 0.307692 0.588235 1 0 0 0 0.476923 1 1 0.476923 0 0 0.523077 1 1
model31 95 1 0.588235 0.588235 1 0 0 0 1 1 0.852941 0.0294118 0 0.852941 0.823529 1 0.147059
model31 191 0.714286 0.178571 0.25 -1
model31 190 0.852941 0.588235 0.689655 1 0 0 0 0.852941 1 1 0.852941 0 0 0.147059 1 1
model31 381 0.689655 0.172414 0.25 -1
model31 380 1 0.689655 0.689655 -1
model31 94 0.911765 0.588235 0.645161 -1
model31 46 0.606061 0.151515 0.25 -1
model31 22 0.645161 0.16129 0.25 -1
model31 10 0.689655 0.172414 0.25 -1
model31 4 0.322581 0.0967742 0.3 1 0.112903 0 0 0.887097 1 0.5 0 0 0.5 1 1 0.5
model31 9 0.322581 0.0483871 0.15 -1
model31 8 0.363636 0.0545455 0.15 -1
